MA:0.99980
MCR:0.99000
