MA:0.99925
MCR:0.98500
