MA:0.62667
MCR:0.00000
