MA:0.64333
MCR:0.00000
