MA:0.60200
MCR:0.00000
