MA:0.81000
MCR:0.03333
