MA:0.97075
MCR:0.14250
