MA:0.83333
MCR:0.10000
