MA:0.99990
MCR:0.99500
