MA:0.57667
MCR:0.00000
