MA:0.57789
MCR:0.00000
