MA:0.99913
MCR:0.98250
