MA:0.98571
MCR:0.16667
