MA:0.96390
MCR:0.07750
