MA:1.00000
MCR:1.00000
