MA:0.93915
MCR:0.01000
