MA:0.99954
MCR:0.96667
