MA:0.76167
MCR:0.00000
