MA:0.99850
MCR:0.97000
