MA:0.71500
MCR:0.00000
