MA:0.66333
MCR:0.00000
