MA:0.57083
MCR:0.00000
