MA:0.42250
MCR:0.00000
